320001097316
320001098381
320001098939
320001099401
320001099988
320001100389
320001100879
320001101409
320001101825
320001102453
320001102703
320001102897
320001103704
320001103734
320001104321
320001104811
320001105173
320001105602
320001106077
320001106517
320001107056
320001107360
320001107427
320001107862
320001108444
320001108997
320001109201
320001109769
320001110144
320001110615
320001111170
320001111583
320001112156
320001112650
320001113046
320001113626
320001114162
320001114900
320001115651
320001115937
320001116431
320001116864
320001117313
320001117715
320001118198
320001118613
320001119115
320001119302
320001119914
320001120250
320001120341
320001120732
320001121265
320001121814
320001122297
320001122964
320001123538
320001123892
320001124121
320001124924
320001125246
320001125379
320001125774
320001126347
320001126686
320001126730
320001127141
320001127672
320001128191
320001128691
320001129229
320001129776
320001129899
320001130356
320001130818
320001131274
320001132436
320001133353
320001133924
320001134472
320001135089
320001135758
320001136895
320001136898
320001138117
320001138621
320001139178
320001139577
320001139895
320001139991
320001140344
320001140715
320001141333
320001142029
320001142496
320001143257
